#pK pK_min pK_max cos_cm cos_cm_err Acceptance
724 723 725 -0.933333 0.0666667 0.760518
724 723 725 -0.8 0.0666667 0.820686
724 723 725 -0.666667 0.0666667 0.795443
724 723 725 -0.533333 0.0666667 0.817464
724 723 725 -0.4 0.0666667 0.792043
724 723 725 -0.266667 0.0666667 0.808056
724 723 725 -0.133333 0.0666667 0.775238
724 723 725 -2.77556e-17 0.0666667 0.7842
724 723 725 0.133333 0.0666667 0.783582
724 723 725 0.266667 0.0666667 0.781013
724 723 725 0.4 0.0666667 0.783074
724 723 725 0.533333 0.0666667 0.780797
724 723 725 0.666667 0.0666667 0.765291
724 723 725 0.8 0.0666667 0.785603
724 723 725 0.933333 0.0666667 0.766341
726 725 727 -0.933333 0.0666667 0.749417
726 725 727 -0.8 0.0666667 0.780579
726 725 727 -0.666667 0.0666667 0.786852
726 725 727 -0.533333 0.0666667 0.758621
726 725 727 -0.4 0.0666667 0.773298
726 725 727 -0.266667 0.0666667 0.771047
726 725 727 -0.133333 0.0666667 0.787822
726 725 727 -2.77556e-17 0.0666667 0.762325
726 725 727 0.133333 0.0666667 0.795386
726 725 727 0.266667 0.0666667 0.740215
726 725 727 0.4 0.0666667 0.755892
726 725 727 0.533333 0.0666667 0.770048
726 725 727 0.666667 0.0666667 0.751242
726 725 727 0.8 0.0666667 0.78841
726 725 727 0.933333 0.0666667 0.755806
728 727 729 -0.933333 0.0666667 0.788917
728 727 729 -0.8 0.0666667 0.80427
728 727 729 -0.666667 0.0666667 0.792647
728 727 729 -0.533333 0.0666667 0.804555
728 727 729 -0.4 0.0666667 0.795459
728 727 729 -0.266667 0.0666667 0.767357
728 727 729 -0.133333 0.0666667 0.782283
728 727 729 -2.77556e-17 0.0666667 0.785936
728 727 729 0.133333 0.0666667 0.804851
728 727 729 0.266667 0.0666667 0.77202
728 727 729 0.4 0.0666667 0.754022
728 727 729 0.533333 0.0666667 0.767532
728 727 729 0.666667 0.0666667 0.76616
728 727 729 0.8 0.0666667 0.747728
728 727 729 0.933333 0.0666667 0.743796
730 729 731 -0.933333 0.0666667 0.817547
730 729 731 -0.8 0.0666667 0.77958
730 729 731 -0.666667 0.0666667 0.758665
730 729 731 -0.533333 0.0666667 0.765084
730 729 731 -0.4 0.0666667 0.812053
730 729 731 -0.266667 0.0666667 0.822018
730 729 731 -0.133333 0.0666667 0.788228
730 729 731 -2.77556e-17 0.0666667 0.80599
730 729 731 0.133333 0.0666667 0.808892
730 729 731 0.266667 0.0666667 0.822374
730 729 731 0.4 0.0666667 0.771673
730 729 731 0.533333 0.0666667 0.797929
730 729 731 0.666667 0.0666667 0.810456
730 729 731 0.8 0.0666667 0.795282
730 729 731 0.933333 0.0666667 0.785247
732 731 733 -0.933333 0.0666667 0.804528
732 731 733 -0.8 0.0666667 0.772161
732 731 733 -0.666667 0.0666667 0.803912
732 731 733 -0.533333 0.0666667 0.76566
732 731 733 -0.4 0.0666667 0.775868
732 731 733 -0.266667 0.0666667 0.778223
732 731 733 -0.133333 0.0666667 0.805456
732 731 733 -2.77556e-17 0.0666667 0.75531
732 731 733 0.133333 0.0666667 0.747799
732 731 733 0.266667 0.0666667 0.792546
732 731 733 0.4 0.0666667 0.779163
732 731 733 0.533333 0.0666667 0.755456
732 731 733 0.666667 0.0666667 0.761553
732 731 733 0.8 0.0666667 0.7645
732 731 733 0.933333 0.0666667 0.745988
734 733 735 -0.933333 0.0666667 0.79589
734 733 735 -0.8 0.0666667 0.77797
734 733 735 -0.666667 0.0666667 0.774748
734 733 735 -0.533333 0.0666667 0.784136
734 733 735 -0.4 0.0666667 0.779281
734 733 735 -0.266667 0.0666667 0.791873
734 733 735 -0.133333 0.0666667 0.774149
734 733 735 -2.77556e-17 0.0666667 0.784632
734 733 735 0.133333 0.0666667 0.801111
734 733 735 0.266667 0.0666667 0.785528
734 733 735 0.4 0.0666667 0.76
734 733 735 0.533333 0.0666667 0.749257
734 733 735 0.666667 0.0666667 0.781433
734 733 735 0.8 0.0666667 0.791392
734 733 735 0.933333 0.0666667 0.787192
736 735 737 -0.933333 0.0666667 0.814735
736 735 737 -0.8 0.0666667 0.81736
736 735 737 -0.666667 0.0666667 0.766228
736 735 737 -0.533333 0.0666667 0.768127
736 735 737 -0.4 0.0666667 0.799073
736 735 737 -0.266667 0.0666667 0.796634
736 735 737 -0.133333 0.0666667 0.798854
736 735 737 -2.77556e-17 0.0666667 0.797267
736 735 737 0.133333 0.0666667 0.773305
736 735 737 0.266667 0.0666667 0.785655
736 735 737 0.4 0.0666667 0.772884
736 735 737 0.533333 0.0666667 0.766325
736 735 737 0.666667 0.0666667 0.779863
736 735 737 0.8 0.0666667 0.775129
736 735 737 0.933333 0.0666667 0.771623
738 737 739 -0.933333 0.0666667 0.799867
738 737 739 -0.8 0.0666667 0.809705
738 737 739 -0.666667 0.0666667 0.816837
738 737 739 -0.533333 0.0666667 0.810375
738 737 739 -0.4 0.0666667 0.820423
738 737 739 -0.266667 0.0666667 0.7963
738 737 739 -0.133333 0.0666667 0.800443
738 737 739 -2.77556e-17 0.0666667 0.772697
738 737 739 0.133333 0.0666667 0.774188
738 737 739 0.266667 0.0666667 0.776967
738 737 739 0.4 0.0666667 0.739685
738 737 739 0.533333 0.0666667 0.776222
738 737 739 0.666667 0.0666667 0.769038
738 737 739 0.8 0.0666667 0.764396
738 737 739 0.933333 0.0666667 0.731203
740 739 741 -0.933333 0.0666667 0.791667
740 739 741 -0.8 0.0666667 0.803137
740 739 741 -0.666667 0.0666667 0.783284
740 739 741 -0.533333 0.0666667 0.806445
740 739 741 -0.4 0.0666667 0.801202
740 739 741 -0.266667 0.0666667 0.799919
740 739 741 -0.133333 0.0666667 0.787457
740 739 741 -2.77556e-17 0.0666667 0.782173
740 739 741 0.133333 0.0666667 0.771996
740 739 741 0.266667 0.0666667 0.810655
740 739 741 0.4 0.0666667 0.727471
740 739 741 0.533333 0.0666667 0.749419
740 739 741 0.666667 0.0666667 0.727982
740 739 741 0.8 0.0666667 0.759749
740 739 741 0.933333 0.0666667 0.732982
742 741 743 -0.933333 0.0666667 0.794285
742 741 743 -0.8 0.0666667 0.816701
742 741 743 -0.666667 0.0666667 0.800184
742 741 743 -0.533333 0.0666667 0.764844
742 741 743 -0.4 0.0666667 0.782243
742 741 743 -0.266667 0.0666667 0.809843
742 741 743 -0.133333 0.0666667 0.769408
742 741 743 -2.77556e-17 0.0666667 0.778542
742 741 743 0.133333 0.0666667 0.783266
742 741 743 0.266667 0.0666667 0.77318
742 741 743 0.4 0.0666667 0.732209
742 741 743 0.533333 0.0666667 0.725892
742 741 743 0.666667 0.0666667 0.776237
742 741 743 0.8 0.0666667 0.777661
742 741 743 0.933333 0.0666667 0.751117
744 743 745 -0.933333 0.0666667 0.807087
744 743 745 -0.8 0.0666667 0.79156
744 743 745 -0.666667 0.0666667 0.8093
744 743 745 -0.533333 0.0666667 0.78976
744 743 745 -0.4 0.0666667 0.776927
744 743 745 -0.266667 0.0666667 0.75668
744 743 745 -0.133333 0.0666667 0.788096
744 743 745 -2.77556e-17 0.0666667 0.792744
744 743 745 0.133333 0.0666667 0.732101
744 743 745 0.266667 0.0666667 0.799459
744 743 745 0.4 0.0666667 0.773228
744 743 745 0.533333 0.0666667 0.730377
744 743 745 0.666667 0.0666667 0.736637
744 743 745 0.8 0.0666667 0.763022
744 743 745 0.933333 0.0666667 0.719091
746 745 747 -0.933333 0.0666667 0.78756
746 745 747 -0.8 0.0666667 0.77742
746 745 747 -0.666667 0.0666667 0.822428
746 745 747 -0.533333 0.0666667 0.807171
746 745 747 -0.4 0.0666667 0.788596
746 745 747 -0.266667 0.0666667 0.778525
746 745 747 -0.133333 0.0666667 0.77919
746 745 747 -2.77556e-17 0.0666667 0.775467
746 745 747 0.133333 0.0666667 0.769985
746 745 747 0.266667 0.0666667 0.805197
746 745 747 0.4 0.0666667 0.780215
746 745 747 0.533333 0.0666667 0.798895
746 745 747 0.666667 0.0666667 0.771353
746 745 747 0.8 0.0666667 0.730712
746 745 747 0.933333 0.0666667 0.716953
748 747 749 -0.933333 0.0666667 0.785239
748 747 749 -0.8 0.0666667 0.829872
748 747 749 -0.666667 0.0666667 0.777858
748 747 749 -0.533333 0.0666667 0.806112
748 747 749 -0.4 0.0666667 0.807467
748 747 749 -0.266667 0.0666667 0.780061
748 747 749 -0.133333 0.0666667 0.774605
748 747 749 -2.77556e-17 0.0666667 0.771302
748 747 749 0.133333 0.0666667 0.763629
748 747 749 0.266667 0.0666667 0.794044
748 747 749 0.4 0.0666667 0.777778
748 747 749 0.533333 0.0666667 0.746551
748 747 749 0.666667 0.0666667 0.732296
748 747 749 0.8 0.0666667 0.726905
748 747 749 0.933333 0.0666667 0.757506
750 749 751 -0.933333 0.0666667 0.771096
750 749 751 -0.8 0.0666667 0.780749
750 749 751 -0.666667 0.0666667 0.806641
750 749 751 -0.533333 0.0666667 0.832206
750 749 751 -0.4 0.0666667 0.801794
750 749 751 -0.266667 0.0666667 0.803926
750 749 751 -0.133333 0.0666667 0.769085
750 749 751 -2.77556e-17 0.0666667 0.781921
750 749 751 0.133333 0.0666667 0.781896
750 749 751 0.266667 0.0666667 0.775418
750 749 751 0.4 0.0666667 0.769629
750 749 751 0.533333 0.0666667 0.783573
750 749 751 0.666667 0.0666667 0.765014
750 749 751 0.8 0.0666667 0.729339
750 749 751 0.933333 0.0666667 0.723958
752 751 753 -0.933333 0.0666667 0.809608
752 751 753 -0.8 0.0666667 0.817929
752 751 753 -0.666667 0.0666667 0.807616
752 751 753 -0.533333 0.0666667 0.813528
752 751 753 -0.4 0.0666667 0.793307
752 751 753 -0.266667 0.0666667 0.796649
752 751 753 -0.133333 0.0666667 0.813237
752 751 753 -2.77556e-17 0.0666667 0.771739
752 751 753 0.133333 0.0666667 0.77491
752 751 753 0.266667 0.0666667 0.790759
752 751 753 0.4 0.0666667 0.745528
752 751 753 0.533333 0.0666667 0.75381
752 751 753 0.666667 0.0666667 0.766812
752 751 753 0.8 0.0666667 0.743664
752 751 753 0.933333 0.0666667 0.71498
754 753 755 -0.933333 0.0666667 0.787533
754 753 755 -0.8 0.0666667 0.770492
754 753 755 -0.666667 0.0666667 0.804298
754 753 755 -0.533333 0.0666667 0.778892
754 753 755 -0.4 0.0666667 0.784013
754 753 755 -0.266667 0.0666667 0.813019
754 753 755 -0.133333 0.0666667 0.783934
754 753 755 -2.77556e-17 0.0666667 0.78139
754 753 755 0.133333 0.0666667 0.791827
754 753 755 0.266667 0.0666667 0.783424
754 753 755 0.4 0.0666667 0.775947
754 753 755 0.533333 0.0666667 0.750148
754 753 755 0.666667 0.0666667 0.754036
754 753 755 0.8 0.0666667 0.770019
754 753 755 0.933333 0.0666667 0.728886
756 755 757 -0.933333 0.0666667 0.793552
756 755 757 -0.8 0.0666667 0.825515
756 755 757 -0.666667 0.0666667 0.774389
756 755 757 -0.533333 0.0666667 0.776143
756 755 757 -0.4 0.0666667 0.794948
756 755 757 -0.266667 0.0666667 0.799264
756 755 757 -0.133333 0.0666667 0.807258
756 755 757 -2.77556e-17 0.0666667 0.776404
756 755 757 0.133333 0.0666667 0.794726
756 755 757 0.266667 0.0666667 0.783017
756 755 757 0.4 0.0666667 0.7877
756 755 757 0.533333 0.0666667 0.751606
756 755 757 0.666667 0.0666667 0.755951
756 755 757 0.8 0.0666667 0.746206
756 755 757 0.933333 0.0666667 0.74043
758 757 759 -0.933333 0.0666667 0.781516
758 757 759 -0.8 0.0666667 0.763061
758 757 759 -0.666667 0.0666667 0.788453
758 757 759 -0.533333 0.0666667 0.83954
758 757 759 -0.4 0.0666667 0.779613
758 757 759 -0.266667 0.0666667 0.7718
758 757 759 -0.133333 0.0666667 0.771508
758 757 759 -2.77556e-17 0.0666667 0.794395
758 757 759 0.133333 0.0666667 0.787284
758 757 759 0.266667 0.0666667 0.789754
758 757 759 0.4 0.0666667 0.775952
758 757 759 0.533333 0.0666667 0.775708
758 757 759 0.666667 0.0666667 0.771152
758 757 759 0.8 0.0666667 0.718176
758 757 759 0.933333 0.0666667 0.694074
760 759 761 -0.933333 0.0666667 0.823689
760 759 761 -0.8 0.0666667 0.800127
760 759 761 -0.666667 0.0666667 0.82095
760 759 761 -0.533333 0.0666667 0.783745
760 759 761 -0.4 0.0666667 0.799965
760 759 761 -0.266667 0.0666667 0.80661
760 759 761 -0.133333 0.0666667 0.808612
760 759 761 -2.77556e-17 0.0666667 0.784661
760 759 761 0.133333 0.0666667 0.793889
760 759 761 0.266667 0.0666667 0.800084
760 759 761 0.4 0.0666667 0.795534
760 759 761 0.533333 0.0666667 0.739238
760 759 761 0.666667 0.0666667 0.791226
760 759 761 0.8 0.0666667 0.749567
760 759 761 0.933333 0.0666667 0.757009
762 761 763 -0.933333 0.0666667 0.807201
762 761 763 -0.8 0.0666667 0.776116
762 761 763 -0.666667 0.0666667 0.809349
762 761 763 -0.533333 0.0666667 0.808216
762 761 763 -0.4 0.0666667 0.776607
762 761 763 -0.266667 0.0666667 0.785209
762 761 763 -0.133333 0.0666667 0.775716
762 761 763 -2.77556e-17 0.0666667 0.783784
762 761 763 0.133333 0.0666667 0.777897
762 761 763 0.266667 0.0666667 0.749274
762 761 763 0.4 0.0666667 0.760142
762 761 763 0.533333 0.0666667 0.766785
762 761 763 0.666667 0.0666667 0.76984
762 761 763 0.8 0.0666667 0.754663
762 761 763 0.933333 0.0666667 0.700635
764 763 765 -0.933333 0.0666667 0.811983
764 763 765 -0.8 0.0666667 0.781134
764 763 765 -0.666667 0.0666667 0.790267
764 763 765 -0.533333 0.0666667 0.787362
764 763 765 -0.4 0.0666667 0.78053
764 763 765 -0.266667 0.0666667 0.78329
764 763 765 -0.133333 0.0666667 0.797331
764 763 765 -2.77556e-17 0.0666667 0.80549
764 763 765 0.133333 0.0666667 0.795227
764 763 765 0.266667 0.0666667 0.770415
764 763 765 0.4 0.0666667 0.783543
764 763 765 0.533333 0.0666667 0.728947
764 763 765 0.666667 0.0666667 0.776621
764 763 765 0.8 0.0666667 0.706075
764 763 765 0.933333 0.0666667 0.716121
766 765 767 -0.933333 0.0666667 0.802377
766 765 767 -0.8 0.0666667 0.789401
766 765 767 -0.666667 0.0666667 0.781934
766 765 767 -0.533333 0.0666667 0.816501
766 765 767 -0.4 0.0666667 0.776547
766 765 767 -0.266667 0.0666667 0.783133
766 765 767 -0.133333 0.0666667 0.789749
766 765 767 -2.77556e-17 0.0666667 0.753318
766 765 767 0.133333 0.0666667 0.775107
766 765 767 0.266667 0.0666667 0.736756
766 765 767 0.4 0.0666667 0.763525
766 765 767 0.533333 0.0666667 0.773792
766 765 767 0.666667 0.0666667 0.755542
766 765 767 0.8 0.0666667 0.754795
766 765 767 0.933333 0.0666667 0.723637
768 767 769 -0.933333 0.0666667 0.786692
768 767 769 -0.8 0.0666667 0.786096
768 767 769 -0.666667 0.0666667 0.839532
768 767 769 -0.533333 0.0666667 0.806552
768 767 769 -0.4 0.0666667 0.815364
768 767 769 -0.266667 0.0666667 0.815964
768 767 769 -0.133333 0.0666667 0.809267
768 767 769 -2.77556e-17 0.0666667 0.816754
768 767 769 0.133333 0.0666667 0.786382
768 767 769 0.266667 0.0666667 0.760327
768 767 769 0.4 0.0666667 0.808178
768 767 769 0.533333 0.0666667 0.781558
768 767 769 0.666667 0.0666667 0.710747
768 767 769 0.8 0.0666667 0.739849
768 767 769 0.933333 0.0666667 0.703292
770 769 771 -0.933333 0.0666667 0.810436
770 769 771 -0.8 0.0666667 0.799293
770 769 771 -0.666667 0.0666667 0.823939
770 769 771 -0.533333 0.0666667 0.821028
770 769 771 -0.4 0.0666667 0.786955
770 769 771 -0.266667 0.0666667 0.804352
770 769 771 -0.133333 0.0666667 0.772032
770 769 771 -2.77556e-17 0.0666667 0.796003
770 769 771 0.133333 0.0666667 0.750899
770 769 771 0.266667 0.0666667 0.764963
770 769 771 0.4 0.0666667 0.751843
770 769 771 0.533333 0.0666667 0.749857
770 769 771 0.666667 0.0666667 0.755232
770 769 771 0.8 0.0666667 0.729364
770 769 771 0.933333 0.0666667 0.707766
