#pK pK_min pK_max cos_cm cos_cm_err Acceptance
724 723 725 -0.933333 0.0666667 0.775404
724 723 725 -0.8 0.0666667 0.804411
724 723 725 -0.666667 0.0666667 0.804112
724 723 725 -0.533333 0.0666667 0.817292
724 723 725 -0.4 0.0666667 0.795337
724 723 725 -0.266667 0.0666667 0.807465
724 723 725 -0.133333 0.0666667 0.785767
724 723 725 -2.77556e-17 0.0666667 0.783957
724 723 725 0.133333 0.0666667 0.784374
724 723 725 0.266667 0.0666667 0.803727
724 723 725 0.4 0.0666667 0.786732
724 723 725 0.533333 0.0666667 0.771046
724 723 725 0.666667 0.0666667 0.780318
724 723 725 0.8 0.0666667 0.770374
724 723 725 0.933333 0.0666667 0.765623
726 725 727 -0.933333 0.0666667 0.757952
726 725 727 -0.8 0.0666667 0.781444
726 725 727 -0.666667 0.0666667 0.798135
726 725 727 -0.533333 0.0666667 0.760395
726 725 727 -0.4 0.0666667 0.77648
726 725 727 -0.266667 0.0666667 0.783947
726 725 727 -0.133333 0.0666667 0.794875
726 725 727 -2.77556e-17 0.0666667 0.766132
726 725 727 0.133333 0.0666667 0.786855
726 725 727 0.266667 0.0666667 0.748223
726 725 727 0.4 0.0666667 0.745886
726 725 727 0.533333 0.0666667 0.757516
726 725 727 0.666667 0.0666667 0.741539
726 725 727 0.8 0.0666667 0.774756
726 725 727 0.933333 0.0666667 0.75175
728 727 729 -0.933333 0.0666667 0.796728
728 727 729 -0.8 0.0666667 0.807953
728 727 729 -0.666667 0.0666667 0.797434
728 727 729 -0.533333 0.0666667 0.795824
728 727 729 -0.4 0.0666667 0.794342
728 727 729 -0.266667 0.0666667 0.78417
728 727 729 -0.133333 0.0666667 0.777273
728 727 729 -2.77556e-17 0.0666667 0.805859
728 727 729 0.133333 0.0666667 0.803578
728 727 729 0.266667 0.0666667 0.772525
728 727 729 0.4 0.0666667 0.753169
728 727 729 0.533333 0.0666667 0.775848
728 727 729 0.666667 0.0666667 0.764438
728 727 729 0.8 0.0666667 0.755508
728 727 729 0.933333 0.0666667 0.740786
730 729 731 -0.933333 0.0666667 0.812612
730 729 731 -0.8 0.0666667 0.814137
730 729 731 -0.666667 0.0666667 0.7825
730 729 731 -0.533333 0.0666667 0.775213
730 729 731 -0.4 0.0666667 0.805942
730 729 731 -0.266667 0.0666667 0.807869
730 729 731 -0.133333 0.0666667 0.800277
730 729 731 -2.77556e-17 0.0666667 0.80449
730 729 731 0.133333 0.0666667 0.801522
730 729 731 0.266667 0.0666667 0.81599
730 729 731 0.4 0.0666667 0.782417
730 729 731 0.533333 0.0666667 0.775281
730 729 731 0.666667 0.0666667 0.783203
730 729 731 0.8 0.0666667 0.772874
730 729 731 0.933333 0.0666667 0.767383
732 731 733 -0.933333 0.0666667 0.814493
732 731 733 -0.8 0.0666667 0.797118
732 731 733 -0.666667 0.0666667 0.804432
732 731 733 -0.533333 0.0666667 0.770711
732 731 733 -0.4 0.0666667 0.791703
732 731 733 -0.266667 0.0666667 0.792153
732 731 733 -0.133333 0.0666667 0.812871
732 731 733 -2.77556e-17 0.0666667 0.771631
732 731 733 0.133333 0.0666667 0.752261
732 731 733 0.266667 0.0666667 0.770897
732 731 733 0.4 0.0666667 0.787798
732 731 733 0.533333 0.0666667 0.757524
732 731 733 0.666667 0.0666667 0.765099
732 731 733 0.8 0.0666667 0.757068
732 731 733 0.933333 0.0666667 0.73697
734 733 735 -0.933333 0.0666667 0.801269
734 733 735 -0.8 0.0666667 0.774358
734 733 735 -0.666667 0.0666667 0.778861
734 733 735 -0.533333 0.0666667 0.792587
734 733 735 -0.4 0.0666667 0.801517
734 733 735 -0.266667 0.0666667 0.78616
734 733 735 -0.133333 0.0666667 0.779532
734 733 735 -2.77556e-17 0.0666667 0.786821
734 733 735 0.133333 0.0666667 0.799612
734 733 735 0.266667 0.0666667 0.784709
734 733 735 0.4 0.0666667 0.771689
734 733 735 0.533333 0.0666667 0.752454
734 733 735 0.666667 0.0666667 0.789328
734 733 735 0.8 0.0666667 0.772876
734 733 735 0.933333 0.0666667 0.77038
738 737 739 -0.933333 0.0666667 0.784356
738 737 739 -0.8 0.0666667 0.812537
738 737 739 -0.666667 0.0666667 0.806377
738 737 739 -0.533333 0.0666667 0.803267
738 737 739 -0.4 0.0666667 0.815237
738 737 739 -0.266667 0.0666667 0.793695
738 737 739 -0.133333 0.0666667 0.786757
738 737 739 -2.77556e-17 0.0666667 0.768834
738 737 739 0.133333 0.0666667 0.775053
738 737 739 0.266667 0.0666667 0.77672
738 737 739 0.4 0.0666667 0.755075
738 737 739 0.533333 0.0666667 0.761298
738 737 739 0.666667 0.0666667 0.74207
738 737 739 0.8 0.0666667 0.763923
738 737 739 0.933333 0.0666667 0.731701
742 741 743 -0.933333 0.0666667 0.801377
742 741 743 -0.8 0.0666667 0.81086
742 741 743 -0.666667 0.0666667 0.799885
742 741 743 -0.533333 0.0666667 0.777591
742 741 743 -0.4 0.0666667 0.797745
742 741 743 -0.266667 0.0666667 0.805224
742 741 743 -0.133333 0.0666667 0.773388
742 741 743 -2.77556e-17 0.0666667 0.780246
742 741 743 0.133333 0.0666667 0.782473
742 741 743 0.266667 0.0666667 0.788731
742 741 743 0.4 0.0666667 0.770395
742 741 743 0.533333 0.0666667 0.736549
742 741 743 0.666667 0.0666667 0.748424
742 741 743 0.8 0.0666667 0.768469
742 741 743 0.933333 0.0666667 0.735781
746 745 747 -0.933333 0.0666667 0.790845
746 745 747 -0.8 0.0666667 0.790543
746 745 747 -0.666667 0.0666667 0.801755
746 745 747 -0.533333 0.0666667 0.802749
746 745 747 -0.4 0.0666667 0.780177
746 745 747 -0.266667 0.0666667 0.782832
746 745 747 -0.133333 0.0666667 0.790046
746 745 747 -2.77556e-17 0.0666667 0.768548
746 745 747 0.133333 0.0666667 0.773695
746 745 747 0.266667 0.0666667 0.783618
746 745 747 0.4 0.0666667 0.771066
746 745 747 0.533333 0.0666667 0.77831
746 745 747 0.666667 0.0666667 0.759039
746 745 747 0.8 0.0666667 0.739596
746 745 747 0.933333 0.0666667 0.719265
750 749 751 -0.933333 0.0666667 0.792799
750 749 751 -0.8 0.0666667 0.788386
750 749 751 -0.666667 0.0666667 0.804351
750 749 751 -0.533333 0.0666667 0.819921
750 749 751 -0.4 0.0666667 0.79234
750 749 751 -0.266667 0.0666667 0.803591
750 749 751 -0.133333 0.0666667 0.795733
750 749 751 -2.77556e-17 0.0666667 0.785444
750 749 751 0.133333 0.0666667 0.781361
750 749 751 0.266667 0.0666667 0.777417
750 749 751 0.4 0.0666667 0.772042
750 749 751 0.533333 0.0666667 0.766142
750 749 751 0.666667 0.0666667 0.755359
750 749 751 0.8 0.0666667 0.739398
750 749 751 0.933333 0.0666667 0.731065
754 753 755 -0.933333 0.0666667 0.785576
754 753 755 -0.8 0.0666667 0.796743
754 753 755 -0.666667 0.0666667 0.802071
754 753 755 -0.533333 0.0666667 0.774614
754 753 755 -0.4 0.0666667 0.791483
754 753 755 -0.266667 0.0666667 0.79774
754 753 755 -0.133333 0.0666667 0.784541
754 753 755 -2.77556e-17 0.0666667 0.793001
754 753 755 0.133333 0.0666667 0.787563
754 753 755 0.266667 0.0666667 0.788952
754 753 755 0.4 0.0666667 0.780285
754 753 755 0.533333 0.0666667 0.758801
754 753 755 0.666667 0.0666667 0.754712
754 753 755 0.8 0.0666667 0.766479
754 753 755 0.933333 0.0666667 0.742625
758 757 759 -0.933333 0.0666667 0.788063
758 757 759 -0.8 0.0666667 0.781803
758 757 759 -0.666667 0.0666667 0.792824
758 757 759 -0.533333 0.0666667 0.82057
758 757 759 -0.4 0.0666667 0.779922
758 757 759 -0.266667 0.0666667 0.766019
758 757 759 -0.133333 0.0666667 0.784407
758 757 759 -2.77556e-17 0.0666667 0.793159
758 757 759 0.133333 0.0666667 0.772554
758 757 759 0.266667 0.0666667 0.788313
758 757 759 0.4 0.0666667 0.755079
758 757 759 0.533333 0.0666667 0.773902
758 757 759 0.666667 0.0666667 0.75416
758 757 759 0.8 0.0666667 0.715485
758 757 759 0.933333 0.0666667 0.704909
762 761 763 -0.933333 0.0666667 0.804978
762 761 763 -0.8 0.0666667 0.791886
762 761 763 -0.666667 0.0666667 0.797446
762 761 763 -0.533333 0.0666667 0.796826
762 761 763 -0.4 0.0666667 0.78203
762 761 763 -0.266667 0.0666667 0.802768
762 761 763 -0.133333 0.0666667 0.794419
762 761 763 -2.77556e-17 0.0666667 0.784975
762 761 763 0.133333 0.0666667 0.763198
762 761 763 0.266667 0.0666667 0.78149
762 761 763 0.4 0.0666667 0.764559
762 761 763 0.533333 0.0666667 0.748695
762 761 763 0.666667 0.0666667 0.770999
762 761 763 0.8 0.0666667 0.739365
762 761 763 0.933333 0.0666667 0.708935
766 765 767 -0.933333 0.0666667 0.8081
766 765 767 -0.8 0.0666667 0.776924
766 765 767 -0.666667 0.0666667 0.778777
766 765 767 -0.533333 0.0666667 0.802235
766 765 767 -0.4 0.0666667 0.786581
766 765 767 -0.266667 0.0666667 0.782535
766 765 767 -0.133333 0.0666667 0.786659
766 765 767 -2.77556e-17 0.0666667 0.774189
766 765 767 0.133333 0.0666667 0.771695
766 765 767 0.266667 0.0666667 0.753697
766 765 767 0.4 0.0666667 0.76181
766 765 767 0.533333 0.0666667 0.757994
766 765 767 0.666667 0.0666667 0.76224
766 765 767 0.8 0.0666667 0.750464
766 765 767 0.933333 0.0666667 0.721786
770 769 771 -0.933333 0.0666667 0.809854
770 769 771 -0.8 0.0666667 0.792838
770 769 771 -0.666667 0.0666667 0.808361
770 769 771 -0.533333 0.0666667 0.832842
770 769 771 -0.4 0.0666667 0.779327
770 769 771 -0.266667 0.0666667 0.796243
770 769 771 -0.133333 0.0666667 0.773983
770 769 771 -2.77556e-17 0.0666667 0.781356
770 769 771 0.133333 0.0666667 0.764955
770 769 771 0.266667 0.0666667 0.780725
770 769 771 0.4 0.0666667 0.761856
770 769 771 0.533333 0.0666667 0.746276
770 769 771 0.666667 0.0666667 0.770948
770 769 771 0.8 0.0666667 0.73167
770 769 771 0.933333 0.0666667 0.720363
