#pK pK_min pK_max cos_cm cos_cm_err Entry
724 723 725 -0.933333 0.0666667 62.5377
724 723 725 -0.8 0.0666667 48.8334
724 723 725 -0.666667 0.0666667 50.9484
724 723 725 -0.533333 0.0666667 44.8614
724 723 725 -0.4 0.0666667 45.4804
724 723 725 -0.266667 0.0666667 38.121
724 723 725 -0.133333 0.0666667 40.683
724 723 725 -2.77556e-17 0.0666667 38.2758
724 723 725 0.133333 0.0666667 47.2515
724 723 725 0.266667 0.0666667 46.2886
724 723 725 0.4 0.0666667 52.9086
724 723 725 0.533333 0.0666667 57.6716
724 723 725 0.666667 0.0666667 68.3324
724 723 725 0.8 0.0666667 71.9777
724 723 725 0.933333 0.0666667 101.433
726 725 727 -0.933333 0.0666667 128.336
726 725 727 -0.8 0.0666667 116.359
726 725 727 -0.666667 0.0666667 118.966
726 725 727 -0.533333 0.0666667 113.78
726 725 727 -0.4 0.0666667 124.439
726 725 727 -0.266667 0.0666667 84.0385
726 725 727 -0.133333 0.0666667 103.207
726 725 727 -2.77556e-17 0.0666667 80.5142
726 725 727 0.133333 0.0666667 84.411
726 725 727 0.266667 0.0666667 87.5055
726 725 727 0.4 0.0666667 82.2621
726 725 727 0.533333 0.0666667 90.0843
726 725 727 0.666667 0.0666667 106.302
726 725 727 0.8 0.0666667 122.347
726 725 727 0.933333 0.0666667 158.478
728 727 729 -0.933333 0.0666667 242.837
728 727 729 -0.8 0.0666667 184.871
728 727 729 -0.666667 0.0666667 187.017
728 727 729 -0.533333 0.0666667 161.891
728 727 729 -0.4 0.0666667 159.994
728 727 729 -0.266667 0.0666667 129.175
728 727 729 -0.133333 0.0666667 140.933
728 727 729 -2.77556e-17 0.0666667 122.161
728 727 729 0.133333 0.0666667 133.961
728 727 729 0.266667 0.0666667 137.179
728 727 729 0.4 0.0666667 130.371
728 727 729 0.533333 0.0666667 141.428
728 727 729 0.666667 0.0666667 140.727
728 727 729 0.8 0.0666667 153.599
728 727 729 0.933333 0.0666667 172.907
730 729 731 -0.933333 0.0666667 351.716
730 729 731 -0.8 0.0666667 237.297
730 729 731 -0.666667 0.0666667 196.552
730 729 731 -0.533333 0.0666667 162.928
730 729 731 -0.4 0.0666667 123.789
730 729 731 -0.266667 0.0666667 97.5532
730 729 731 -0.133333 0.0666667 114.312
730 729 731 -2.77556e-17 0.0666667 122.504
730 729 731 0.133333 0.0666667 151.63
730 729 731 0.266667 0.0666667 172.619
730 729 731 0.4 0.0666667 197.195
730 729 731 0.533333 0.0666667 210.259
730 729 731 0.666667 0.0666667 257.536
730 729 731 0.8 0.0666667 270.815
730 729 731 0.933333 0.0666667 297.586
732 731 733 -0.933333 0.0666667 421.39
732 731 733 -0.8 0.0666667 303.431
732 731 733 -0.666667 0.0666667 243.392
732 731 733 -0.533333 0.0666667 203.471
732 731 733 -0.4 0.0666667 186.157
732 731 733 -0.266667 0.0666667 146.92
732 731 733 -0.133333 0.0666667 158.566
732 731 733 -2.77556e-17 0.0666667 163.611
732 731 733 0.133333 0.0666667 185.409
732 731 733 0.266667 0.0666667 205.152
732 731 733 0.4 0.0666667 218.978
732 731 733 0.533333 0.0666667 217.795
732 731 733 0.666667 0.0666667 258.527
732 731 733 0.8 0.0666667 268.616
732 731 733 0.933333 0.0666667 291.784
734 733 735 -0.933333 0.0666667 491.27
734 733 735 -0.8 0.0666667 327.581
734 733 735 -0.666667 0.0666667 280.755
734 733 735 -0.533333 0.0666667 202.802
734 733 735 -0.4 0.0666667 162.05
734 733 735 -0.266667 0.0666667 113.722
734 733 735 -0.133333 0.0666667 122.118
734 733 735 -2.77556e-17 0.0666667 107.988
734 733 735 0.133333 0.0666667 141.367
734 733 735 0.266667 0.0666667 176.726
734 733 735 0.4 0.0666667 230.379
734 733 735 0.533333 0.0666667 273.246
734 733 735 0.666667 0.0666667 345.534
734 733 735 0.8 0.0666667 391.268
734 733 735 0.933333 0.0666667 513.864
738 737 739 -0.933333 0.0666667 383.143
738 737 739 -0.8 0.0666667 297.687
738 737 739 -0.666667 0.0666667 221.957
738 737 739 -0.533333 0.0666667 182.919
738 737 739 -0.4 0.0666667 167.223
738 737 739 -0.266667 0.0666667 132.812
738 737 739 -0.133333 0.0666667 177.552
738 737 739 -2.77556e-17 0.0666667 171.314
738 737 739 0.133333 0.0666667 216.39
738 737 739 0.266667 0.0666667 246.172
738 737 739 0.4 0.0666667 272.332
738 737 739 0.533333 0.0666667 288.833
738 737 739 0.666667 0.0666667 287.827
738 737 739 0.8 0.0666667 310.499
738 737 739 0.933333 0.0666667 325.859
742 741 743 -0.933333 0.0666667 303.757
742 741 743 -0.8 0.0666667 221.068
742 741 743 -0.666667 0.0666667 216.223
742 741 743 -0.533333 0.0666667 173.091
742 741 743 -0.4 0.0666667 163.026
742 741 743 -0.266667 0.0666667 132.311
742 741 743 -0.133333 0.0666667 135.463
742 741 743 -2.77556e-17 0.0666667 150.514
742 741 743 0.133333 0.0666667 137.297
742 741 743 0.266667 0.0666667 152.066
742 741 743 0.4 0.0666667 170.128
742 741 743 0.533333 0.0666667 158.604
742 741 743 0.666667 0.0666667 177.325
742 741 743 0.8 0.0666667 178.218
742 741 743 0.933333 0.0666667 198.397
746 745 747 -0.933333 0.0666667 144.179
746 745 747 -0.8 0.0666667 115.693
746 745 747 -0.666667 0.0666667 107.38
746 745 747 -0.533333 0.0666667 96.5583
746 745 747 -0.4 0.0666667 96.0515
746 745 747 -0.266667 0.0666667 70.3533
746 745 747 -0.133333 0.0666667 85.5847
746 745 747 -2.77556e-17 0.0666667 86.9785
746 745 747 0.133333 0.0666667 87.6628
746 745 747 0.266667 0.0666667 87.3587
746 745 747 0.4 0.0666667 85.9901
746 745 747 0.533333 0.0666667 85.7621
746 745 747 0.666667 0.0666667 85.7621
746 745 747 0.8 0.0666667 86.3703
746 745 747 0.933333 0.0666667 86.8265
750 749 751 -0.933333 0.0666667 71.1375
750 749 751 -0.8 0.0666667 54.8512
750 749 751 -0.666667 0.0666667 51.1171
750 749 751 -0.533333 0.0666667 49.8429
750 749 751 -0.4 0.0666667 52.4038
750 749 751 -0.266667 0.0666667 42.6018
750 749 751 -0.133333 0.0666667 40.5581
750 749 751 -2.77556e-17 0.0666667 35.0831
750 749 751 0.133333 0.0666667 40.8735
750 749 751 0.266667 0.0666667 41.7313
750 749 751 0.4 0.0666667 40.8356
750 749 751 0.533333 0.0666667 45.5159
750 749 751 0.666667 0.0666667 50.5241
750 749 751 0.8 0.0666667 50.9909
750 749 751 0.933333 0.0666667 62.3194
754 753 755 -0.933333 0.0666667 52.678
754 753 755 -0.8 0.0666667 42.2677
754 753 755 -0.666667 0.0666667 41.257
754 753 755 -0.533333 0.0666667 40.0644
754 753 755 -0.4 0.0666667 38.4776
754 753 755 -0.266667 0.0666667 33.04
754 753 755 -0.133333 0.0666667 34.1517
754 753 755 -2.77556e-17 0.0666667 35.0007
754 753 755 0.133333 0.0666667 36.9817
754 753 755 0.266667 0.0666667 36.6987
754 753 755 0.4 0.0666667 35.9407
754 753 755 0.533333 0.0666667 33.99
754 753 755 0.666667 0.0666667 33.1714
754 753 755 0.8 0.0666667 33.2421
754 753 755 0.933333 0.0666667 35.0614
758 757 759 -0.933333 0.0666667 59.0421
758 757 759 -0.8 0.0666667 44.5704
758 757 759 -0.666667 0.0666667 40.4703
758 757 759 -0.533333 0.0666667 38.4575
758 757 759 -0.4 0.0666667 35.0562
758 757 759 -0.266667 0.0666667 28.2537
758 757 759 -0.133333 0.0666667 31.9811
758 757 759 -2.77556e-17 0.0666667 26.595
758 757 759 0.133333 0.0666667 28.934
758 757 759 0.266667 0.0666667 30.574
758 757 759 0.4 0.0666667 30.9934
758 757 759 0.533333 0.0666667 31.5711
758 757 759 0.666667 0.0666667 35.7458
758 757 759 0.8 0.0666667 34.3667
758 757 759 0.933333 0.0666667 39.1098
762 761 763 -0.933333 0.0666667 63.5201
762 761 763 -0.8 0.0666667 52.0209
762 761 763 -0.666667 0.0666667 51.7141
762 761 763 -0.533333 0.0666667 44.0634
762 761 763 -0.4 0.0666667 41.414
762 761 763 -0.266667 0.0666667 36.9147
762 761 763 -0.133333 0.0666667 37.3609
762 761 763 -2.77556e-17 0.0666667 32.685
762 761 763 0.133333 0.0666667 35.9851
762 761 763 0.266667 0.0666667 32.8059
762 761 763 0.4 0.0666667 27.2003
762 761 763 0.533333 0.0666667 24.7833
762 761 763 0.666667 0.0666667 20.6373
762 761 763 0.8 0.0666667 16.6865
762 761 763 0.933333 0.0666667 11.4714
766 765 767 -0.933333 0.0666667 60.8624
766 765 767 -0.8 0.0666667 53.0506
766 765 767 -0.666667 0.0666667 55.3198
766 765 767 -0.533333 0.0666667 50.7911
766 765 767 -0.4 0.0666667 54.4411
766 765 767 -0.266667 0.0666667 41.1832
766 765 767 -0.133333 0.0666667 42.2937
766 765 767 -2.77556e-17 0.0666667 34.8585
766 765 767 0.133333 0.0666667 33.5163
766 765 767 0.266667 0.0666667 26.9405
766 765 767 0.4 0.0666667 22.1318
766 765 767 0.533333 0.0666667 18.9646
766 765 767 0.666667 0.0666667 19.0998
766 765 767 0.8 0.0666667 19.6888
766 765 767 0.933333 0.0666667 21.5041
770 769 771 -0.933333 0.0666667 34.5714
770 769 771 -0.8 0.0666667 29.5231
770 769 771 -0.666667 0.0666667 29.1986
770 769 771 -0.533333 0.0666667 26.9265
770 769 771 -0.4 0.0666667 26.374
770 769 771 -0.266667 0.0666667 20.9597
770 769 771 -0.133333 0.0666667 24.4058
770 769 771 -2.77556e-17 0.0666667 21.305
770 769 771 0.133333 0.0666667 24.1365
770 769 771 0.266667 0.0666667 23.95
770 769 771 0.4 0.0666667 24.5854
770 769 771 0.533333 0.0666667 25.3312
770 769 771 0.666667 0.0666667 27.4859
770 769 771 0.8 0.0666667 27.1958
770 769 771 0.933333 0.0666667 33.3491
